20
40
80
160
320
640
1280
2560
5120
10240
20480
40960
81920
163840
327680
655360
1310720
2621440
5242880
10485760
20971520
41943040
83886080
167772160
335544320
671088640
1342177280
2684354560
5368709120
10737418240
21474836480
42949672960
85899345920
171798691840
343597383680
687194767360
1374389534720
2748779069440
5497558138880
10995116277760
21990232555520
43980465111040
87960930222080
175921860444160
351843720888320
703687441776640
1407374883553280
2814749767106560
5629499534213120
11258999068426240
22517998136852480
45035996273704960
90071992547409920
180143985094819840
360287970189639700
720575940379279400
1441151880758558700
2882303761517117400
5764607523034235000
11529215046068470000
23058430092136940000
46116860184273880000
92233720368547760000
184467440737095500000
368934881474191000000
737869762948382000000
1.475739525896764e+21
2.951479051793528e+21
5.902958103587057e+21
1.1805916207174113e+22
2.3611832414348226e+22
4.722366482869645e+22
9.44473296573929e+22
1.888946593147858e+23
3.777893186295716e+23
7.555786372591432e+23
1.5111572745182865e+24
3.022314549036573e+24
6.044629098073146e+24
1.2089258196146292e+25
2.4178516392292583e+25
4.835703278458517e+25
9.671406556917033e+25
1.9342813113834067e+26
3.8685626227668134e+26
7.737125245533627e+26
1.5474250491067253e+27
3.0948500982134507e+27
6.189700196426901e+27
1.2379400392853803e+28
2.4758800785707605e+28
4.951760157141521e+28
9.903520314283042e+28
1.9807040628566084e+29
3.961408125713217e+29
7.922816251426434e+29
1.5845632502852868e+30
3.1691265005705735e+30
6.338253001141147e+30
1.2676506002282294e+31
2.535301200456459e+31